# Made in Blockbench 4.11.1
mtllib cerberus.mtl

o cube
v -0.7734374999999991 2.864305118579593 -2.6987222981802965
v -0.7734374999999991 2.657569881420405 -3.3544027018197022
v -0.7734374999999991 2.6854831903143004 -2.642339960773245
v -0.7734374999999991 2.478747953155113 -3.2980203644126513
v -1.3359375000000004 2.657569881420405 -3.3544027018197022
v -1.3359375000000004 2.864305118579593 -2.6987222981802965
v -1.3359375000000004 2.478747953155113 -3.2980203644126513
v -1.3359375000000004 2.6854831903143004 -2.642339960773245
vt 0.70703125 0.58203125
vt 0.7421875 0.58203125
vt 0.7421875 0.5703125
vt 0.70703125 0.5703125
vt 0.6640625 0.58203125
vt 0.70703125 0.58203125
vt 0.70703125 0.5703125
vt 0.6640625 0.5703125
vt 0.78515625 0.58203125
vt 0.8203125 0.58203125
vt 0.8203125 0.5703125
vt 0.78515625 0.5703125
vt 0.7421875 0.58203125
vt 0.78515625 0.58203125
vt 0.78515625 0.5703125
vt 0.7421875 0.5703125
vt 0.7421875 0.58203125
vt 0.70703125 0.58203125
vt 0.70703125 0.625
vt 0.7421875 0.625
vt 0.77734375 0.625
vt 0.7421875 0.625
vt 0.7421875 0.58203125
vt 0.77734375 0.58203125
vn 0 -0.30070579950427306 -0.9537169507482269
vn 1 0 0
vn 0 0.30070579950427306 0.9537169507482269
vn -1 0 0
vn 0 0.9537169507482269 -0.30070579950427306
vn 0 -0.9537169507482269 0.30070579950427306
usemtl m_5950dc03-0c9e-a2aa-124e-491dd435397d
f 4/4/1 7/3/1 5/2/1 2/1/1
f 3/8/2 4/7/2 2/6/2 1/5/2
f 8/12/3 3/11/3 1/10/3 6/9/3
f 7/16/4 8/15/4 6/14/4 5/13/4
f 6/20/5 1/19/5 2/18/5 5/17/5
f 7/24/6 4/23/6 3/22/6 8/21/6
o cube
v -0.8359374999999991 2.9835197374231215 -2.7363105231183305
v -0.8359374999999991 2.795578612732951 -3.3323836173359727
v -0.8359374999999991 2.864305118579593 -2.6987222981802965
v -0.8359374999999991 2.6763639938894226 -3.2947953923979383
v -1.2734375000000004 2.795578612732951 -3.3323836173359727
v -1.2734375000000004 2.9835197374231215 -2.7363105231183305
v -1.2734375000000004 2.6763639938894226 -3.2947953923979383
v -1.2734375000000004 2.864305118579593 -2.6987222981802965
vt 0.8203125 0.55859375
vt 0.84765625 0.55859375
vt 0.84765625 0.55078125
vt 0.8203125 0.55078125
vt 0.78125 0.55859375
vt 0.8203125 0.55859375
vt 0.8203125 0.55078125
vt 0.78125 0.55078125
vt 0.88671875 0.55859375
vt 0.9140625 0.55859375
vt 0.9140625 0.55078125
vt 0.88671875 0.55078125
vt 0.84765625 0.55859375
vt 0.88671875 0.55859375
vt 0.88671875 0.55078125
vt 0.84765625 0.55078125
vt 0.84765625 0.55859375
vt 0.8203125 0.55859375
vt 0.8203125 0.59765625
vt 0.84765625 0.59765625
vt 0.875 0.59765625
vt 0.84765625 0.59765625
vt 0.84765625 0.55859375
vt 0.875 0.55859375
vn 0 -0.30070579950427306 -0.9537169507482269
vn 1 0 0
vn 0 0.30070579950427306 0.9537169507482269
vn -1 0 0
vn 0 0.9537169507482269 -0.30070579950427306
vn 0 -0.9537169507482269 0.30070579950427306
usemtl m_5950dc03-0c9e-a2aa-124e-491dd435397d
f 12/28/7 15/27/7 13/26/7 10/25/7
f 11/32/8 12/31/8 10/30/8 9/29/8
f 16/36/9 11/35/9 9/34/9 14/33/9
f 15/40/10 16/39/10 14/38/10 13/37/10
f 14/44/11 9/43/11 10/42/11 13/41/11
f 15/48/12 12/47/12 11/46/12 16/45/12
o cube
v -0.7421874999999991 2.8941087732904753 -2.708119354414805
v -0.7421874999999991 2.7813440984763727 -3.06576321094539
v -0.7421874999999991 2.6556795356034186 -2.6329429045387367
v -0.7421874999999991 2.542914860789316 -2.9905867610693218
v -1.3671875000000004 2.7813440984763727 -3.06576321094539
v -1.3671875000000004 2.8941087732904753 -2.708119354414805
v -1.3671875000000004 2.542914860789316 -2.9905867610693218
v -1.3671875000000004 2.6556795356034186 -2.6329429045387367
vt 0.63671875 0.13671875
vt 0.67578125 0.13671875
vt 0.67578125 0.12109375
vt 0.63671875 0.12109375
vt 0.61328125 0.13671875
vt 0.63671875 0.13671875
vt 0.63671875 0.12109375
vt 0.61328125 0.12109375
vt 0.69921875 0.13671875
vt 0.73828125 0.13671875
vt 0.73828125 0.12109375
vt 0.69921875 0.12109375
vt 0.67578125 0.13671875
vt 0.69921875 0.13671875
vt 0.69921875 0.12109375
vt 0.67578125 0.12109375
vt 0.67578125 0.13671875
vt 0.63671875 0.13671875
vt 0.63671875 0.16015625
vt 0.67578125 0.16015625
vt 0.71484375 0.16015625
vt 0.67578125 0.16015625
vt 0.67578125 0.13671875
vt 0.71484375 0.13671875
vn 0 -0.30070579950427306 -0.9537169507482269
vn 1 0 0
vn 0 0.30070579950427306 0.9537169507482269
vn -1 0 0
vn 0 0.9537169507482269 -0.30070579950427306
vn 0 -0.9537169507482269 0.30070579950427306
usemtl m_5950dc03-0c9e-a2aa-124e-491dd435397d
f 20/52/13 23/51/13 21/50/13 18/49/13
f 19/56/14 20/55/14 18/54/14 17/53/14
f 24/60/15 19/59/15 17/58/15 22/57/15
f 23/64/16 24/63/16 22/62/16 21/61/16
f 22/68/17 17/67/17 18/66/17 21/65/17
f 23/72/18 20/71/18 19/70/18 24/69/18
o cube
v -1.7535843248402576 3.9247955366332894 -2.2097705773245138
v -1.7603479290018456 3.9101424813224224 -2.2701509684196535
v -1.3243840881204831 3.668691857253699 -2.19569711975624
v -1.331147692282071 3.654038801942833 -2.2560775108513798
v -1.917046523741915 3.6519415727715243 -2.189938181222236
v -1.910282919580327 3.6665946280823905 -2.1295577901270963
v -1.4878462870221405 3.3958378933919344 -2.1758647236539623
v -1.4810826828605526 3.410490948702801 -2.1154843325588226
vt 0.390625 0.97265625
vt 0.41015625 0.97265625
vt 0.41015625 0.94140625
vt 0.390625 0.94140625
vt 0.38671875 0.97265625
vt 0.390625 0.97265625
vt 0.390625 0.94140625
vt 0.38671875 0.94140625
vt 0.4140625 0.97265625
vt 0.43359375 0.97265625
vt 0.43359375 0.94140625
vt 0.4140625 0.94140625
vt 0.41015625 0.97265625
vt 0.4140625 0.97265625
vt 0.4140625 0.94140625
vt 0.41015625 0.94140625
vt 0.41015625 0.97265625
vt 0.390625 0.97265625
vt 0.390625 0.9765625
vt 0.41015625 0.9765625
vt 0.4296875 0.9765625
vt 0.41015625 0.9765625
vt 0.41015625 0.97265625
vt 0.4296875 0.97265625
vn -0.10821766658540737 -0.23444888497386854 -0.9660862575222356
vn 0.5014355031682222 0.8262429073628742 -0.256680919031736
vn 0.10821766658540737 0.23444888497386854 0.9660862575222356
vn -0.5014355031682222 -0.8262429073628742 0.256680919031736
vn -0.8584004734395488 0.5122073587591792 -0.028146915136547226
vn 0.8584004734395488 -0.5122073587591792 0.028146915136547226
usemtl m_5950dc03-0c9e-a2aa-124e-491dd435397d
f 28/76/19 31/75/19 29/74/19 26/73/19
f 27/80/20 28/79/20 26/78/20 25/77/20
f 32/84/21 27/83/21 25/82/21 30/81/21
f 31/88/22 32/87/22 30/86/22 29/85/22
f 30/92/23 25/91/23 26/90/23 29/89/23
f 31/96/24 28/95/24 27/94/24 32/93/24
o cube
v -0.7109374999999991 3.1984374999999994 -2.682812499999999
v -0.7109374999999991 3.1984374999999994 -3.432812499999999
v -0.7109374999999991 2.8234374999999994 -2.682812499999999
v -0.7109374999999991 2.8234374999999994 -3.432812499999999
v -1.3984375000000004 3.1984374999999994 -3.432812499999999
v -1.3984375000000004 3.1984374999999994 -2.682812499999999
v -1.3984375000000004 2.8234374999999994 -3.432812499999999
v -1.3984375000000004 2.8234374999999994 -2.682812499999999
vt 0.7578125 0.953125
vt 0.80078125 0.953125
vt 0.80078125 0.9296875
vt 0.7578125 0.9296875
vt 0.7109375 0.953125
vt 0.7578125 0.953125
vt 0.7578125 0.9296875
vt 0.7109375 0.9296875
vt 0.84765625 0.953125
vt 0.890625 0.953125
vt 0.890625 0.9296875
vt 0.84765625 0.9296875
vt 0.80078125 0.953125
vt 0.84765625 0.953125
vt 0.84765625 0.9296875
vt 0.80078125 0.9296875
vt 0.80078125 0.953125
vt 0.7578125 0.953125
vt 0.7578125 1
vt 0.80078125 1
vt 0.84375 1
vt 0.80078125 1
vt 0.80078125 0.953125
vt 0.84375 0.953125
vn 0 0 -1
vn 1 0 0
vn 0 0 1
vn -1 0 0
vn 0 1 0
vn 0 -1 0
usemtl m_5950dc03-0c9e-a2aa-124e-491dd435397d
f 36/100/25 39/99/25 37/98/25 34/97/25
f 35/104/26 36/103/26 34/102/26 33/101/26
f 40/108/27 35/107/27 33/106/27 38/105/27
f 39/112/28 40/111/28 38/110/28 37/109/28
f 38/116/29 33/115/29 34/114/29 37/113/29
f 39/120/30 36/119/30 35/118/30 40/117/30
o cube
v -0.8671874999999992 3.2999208067148276 -3.336727181359615
v -0.8671874999999992 3.2144157708834102 -3.5716503365560923
v -0.8671874999999992 3.1237284403174694 -3.272598404486052
v -0.8671874999999992 3.0382234044860525 -3.5075215596825293
v -1.2421875 3.2144157708834102 -3.5716503365560923
v -1.2421875 3.2999208067148276 -3.336727181359615
v -1.2421875 3.0382234044860525 -3.5075215596825293
v -1.2421875 3.1237284403174694 -3.272598404486052
vt 0.546875 0.50390625
vt 0.5703125 0.50390625
vt 0.5703125 0.4921875
vt 0.546875 0.4921875
vt 0.53125 0.50390625
vt 0.546875 0.50390625
vt 0.546875 0.4921875
vt 0.53125 0.4921875
vt 0.5859375 0.50390625
vt 0.609375 0.50390625
vt 0.609375 0.4921875
vt 0.5859375 0.4921875
vt 0.5703125 0.50390625
vt 0.5859375 0.50390625
vt 0.5859375 0.4921875
vt 0.5703125 0.4921875
vt 0.5703125 0.50390625
vt 0.546875 0.50390625
vt 0.546875 0.51953125
vt 0.5703125 0.51953125
vt 0.59375 0.51953125
vt 0.5703125 0.51953125
vt 0.5703125 0.50390625
vt 0.59375 0.50390625
vn 0 -0.34202014332566866 -0.9396926207859084
vn 1 0 0
vn 0 0.34202014332566866 0.9396926207859084
vn -1 0 0
vn 0 0.9396926207859084 -0.34202014332566866
vn 0 -0.9396926207859084 0.34202014332566866
usemtl m_5950dc03-0c9e-a2aa-124e-491dd435397d
f 44/124/31 47/123/31 45/122/31 42/121/31
f 43/128/32 44/127/32 42/126/32 41/125/32
f 48/132/33 43/131/33 41/130/33 46/129/33
f 47/136/34 48/135/34 46/134/34 45/133/34
f 46/140/35 41/139/35 42/138/35 45/137/35
f 47/144/36 44/143/36 43/142/36 48/141/36
o cube
v -0.5859374999999994 3.698437499999999 -1.6828124999999985
v -0.5859374999999994 3.698437499999999 -2.6828124999999994
v -0.5859374999999994 2.6359374999999994 -1.6828124999999985
v -0.5859374999999994 2.6359374999999994 -2.6828124999999994
v -1.5234375000000004 3.698437499999999 -2.6828124999999994
v -1.5234375000000004 3.698437499999999 -1.6828124999999985
v -1.5234375000000004 2.6359374999999994 -2.6828124999999994
v -1.5234375000000004 2.6359374999999994 -1.6828124999999985
vt 0.0625 0.44921875
vt 0.12109375 0.44921875
vt 0.12109375 0.3828125
vt 0.0625 0.3828125
vt 0 0.44921875
vt 0.0625 0.44921875
vt 0.0625 0.3828125
vt 0 0.3828125
vt 0.18359375 0.44921875
vt 0.2421875 0.44921875
vt 0.2421875 0.3828125
vt 0.18359375 0.3828125
vt 0.12109375 0.44921875
vt 0.18359375 0.44921875
vt 0.18359375 0.3828125
vt 0.12109375 0.3828125
vt 0.12109375 0.44921875
vt 0.0625 0.44921875
vt 0.0625 0.51171875
vt 0.12109375 0.51171875
vt 0.1796875 0.51171875
vt 0.12109375 0.51171875
vt 0.12109375 0.44921875
vt 0.1796875 0.44921875
vn 0 0 -1
vn 1 0 0
vn 0 0 1
vn -1 0 0
vn 0 1 0
vn 0 -1 0
usemtl m_5950dc03-0c9e-a2aa-124e-491dd435397d
f 52/148/37 55/147/37 53/146/37 50/145/37
f 51/152/38 52/151/38 50/150/38 49/149/38
f 56/156/39 51/155/39 49/154/39 54/153/39
f 55/160/40 56/159/40 54/158/40 53/157/40
f 54/164/41 49/163/41 50/162/41 53/161/41
f 55/168/42 52/167/42 51/166/42 56/165/42
o cube
v -0.19909208041967313 3.6665946280823913 -2.1295577901270963
v -0.1923284762580852 3.6519415727715243 -2.189938181222236
v -0.6282923171394476 3.410490948702802 -2.1154843325588226
v -0.6215287129778596 3.395837893391935 -2.1758647236539623
v -0.3490270709981542 3.9101424813224224 -2.2701509684196535
v -0.35579067515974216 3.9247955366332885 -2.2097705773245138
v -0.7782273077179286 3.654038801942832 -2.2560775108513798
v -0.7849909118795165 3.668691857253699 -2.19569711975624
vt 0.41015625 0.97265625
vt 0.390625 0.97265625
vt 0.390625 0.94140625
vt 0.41015625 0.94140625
vt 0.4140625 0.97265625
vt 0.41015625 0.97265625
vt 0.41015625 0.94140625
vt 0.4140625 0.94140625
vt 0.43359375 0.97265625
vt 0.4140625 0.97265625
vt 0.4140625 0.94140625
vt 0.43359375 0.94140625
vt 0.390625 0.97265625
vt 0.38671875 0.97265625
vt 0.38671875 0.94140625
vt 0.390625 0.94140625
vt 0.390625 0.97265625
vt 0.41015625 0.97265625
vt 0.41015625 0.9765625
vt 0.390625 0.9765625
vt 0.41015625 0.9765625
vt 0.4296875 0.9765625
vt 0.4296875 0.97265625
vt 0.41015625 0.97265625
vn 0.10821766658540737 -0.23444888497386854 -0.9660862575222356
vn 0.5014355031682222 -0.8262429073628742 0.256680919031736
vn -0.10821766658540737 0.23444888497386854 0.9660862575222356
vn -0.5014355031682222 0.8262429073628742 -0.256680919031736
vn 0.8584004734395488 0.5122073587591792 -0.028146915136547226
vn -0.8584004734395488 -0.5122073587591792 0.028146915136547226
usemtl m_5950dc03-0c9e-a2aa-124e-491dd435397d
f 60/172/43 63/171/43 61/170/43 58/169/43
f 59/176/44 60/175/44 58/174/44 57/173/44
f 64/180/45 59/179/45 57/178/45 62/177/45
f 63/184/46 64/183/46 62/182/46 61/181/46
f 62/188/47 57/187/47 58/186/47 61/185/47
f 63/192/48 60/191/48 59/190/48 64/189/48
o cube
v -0.5234375000000003 3.0734374999999994 -2.182812499999999
v -0.5234375000000003 3.0734374999999994 -2.745312499999999
v -0.5234375000000003 2.5734374999999994 -2.182812499999999
v -0.5234375000000003 2.5734374999999994 -2.745312499999999
v -1.5859375000000004 3.0734374999999994 -2.745312499999999
v -1.5859375000000004 3.0734374999999994 -2.182812499999999
v -1.5859375000000004 2.5734374999999994 -2.745312499999999
v -1.5859375000000004 2.5734374999999994 -2.182812499999999
vt 0.2109375 0.2578125
vt 0.27734375 0.2578125
vt 0.27734375 0.2265625
vt 0.2109375 0.2265625
vt 0.17578125 0.2578125
vt 0.2109375 0.2578125
vt 0.2109375 0.2265625
vt 0.17578125 0.2265625
vt 0.3125 0.2578125
vt 0.37890625 0.2578125
vt 0.37890625 0.2265625
vt 0.3125 0.2265625
vt 0.27734375 0.2578125
vt 0.3125 0.2578125
vt 0.3125 0.2265625
vt 0.27734375 0.2265625
vt 0.27734375 0.2578125
vt 0.2109375 0.2578125
vt 0.2109375 0.29296875
vt 0.27734375 0.29296875
vt 0.34375 0.29296875
vt 0.27734375 0.29296875
vt 0.27734375 0.2578125
vt 0.34375 0.2578125
vn 0 0 -1
vn 1 0 0
vn 0 0 1
vn -1 0 0
vn 0 1 0
vn 0 -1 0
usemtl m_5950dc03-0c9e-a2aa-124e-491dd435397d
f 68/196/49 71/195/49 69/194/49 66/193/49
f 67/200/50 68/199/50 66/198/50 65/197/50
f 72/204/51 67/203/51 65/202/51 70/201/51
f 71/208/52 72/207/52 70/206/52 69/205/52
f 70/212/53 65/211/53 66/210/53 69/209/53
f 71/216/54 68/215/54 67/214/54 72/213/54
o cube
v -0.8046874999999991 2.8234374999999994 -2.714062499999999
v -0.8046874999999991 2.8234374999999994 -3.339062499999999
v -0.8046874999999991 2.6984374999999994 -2.714062499999999
v -0.8046874999999991 2.6984374999999994 -3.339062499999999
v -1.3046875000000004 2.8234374999999994 -3.339062499999999
v -1.3046875000000004 2.8234374999999994 -2.714062499999999
v -1.3046875000000004 2.6984374999999994 -3.339062499999999
v -1.3046875000000004 2.6984374999999994 -2.714062499999999
vt 0.5234375 0.19140625
vt 0.5546875 0.19140625
vt 0.5546875 0.18359375
vt 0.5234375 0.18359375
vt 0.484375 0.19140625
vt 0.5234375 0.19140625
vt 0.5234375 0.18359375
vt 0.484375 0.18359375
vt 0.59375 0.19140625
vt 0.625 0.19140625
vt 0.625 0.18359375
vt 0.59375 0.18359375
vt 0.5546875 0.19140625
vt 0.59375 0.19140625
vt 0.59375 0.18359375
vt 0.5546875 0.18359375
vt 0.5546875 0.19140625
vt 0.5234375 0.19140625
vt 0.5234375 0.23046875
vt 0.5546875 0.23046875
vt 0.5859375 0.23046875
vt 0.5546875 0.23046875
vt 0.5546875 0.19140625
vt 0.5859375 0.19140625
vn 0 0 -1
vn 1 0 0
vn 0 0 1
vn -1 0 0
vn 0 1 0
vn 0 -1 0
usemtl m_5950dc03-0c9e-a2aa-124e-491dd435397d
f 76/220/55 79/219/55 77/218/55 74/217/55
f 75/224/56 76/223/56 74/222/56 73/221/56
f 80/228/57 75/227/57 73/226/57 78/225/57
f 79/232/58 80/231/58 78/230/58 77/229/58
f 78/236/59 73/235/59 74/234/59 77/233/59
f 79/240/60 76/239/60 75/238/60 80/237/60
o cube
v -0.8984374999999994 3.4763288664521053 -2.6693122456114486
v -0.8984374999999994 3.1984374999999994 -3.4328124999999994
v -0.8984374999999994 3.1826749224565085 -2.5624309508221774
v -0.8984374999999994 2.9047835560044026 -3.3259312052107277
v -1.2109375000000009 3.1984374999999994 -3.4328124999999994
v -1.2109375000000009 3.4763288664521053 -2.6693122456114486
v -1.2109375000000009 2.9047835560044026 -3.3259312052107277
v -1.2109375000000009 3.1826749224565085 -2.5624309508221774
vt 0.796875 0.7265625
vt 0.81640625 0.7265625
vt 0.81640625 0.70703125
vt 0.796875 0.70703125
vt 0.74609375 0.7265625
vt 0.796875 0.7265625
vt 0.796875 0.70703125
vt 0.74609375 0.70703125
vt 0.8671875 0.7265625
vt 0.88671875 0.7265625
vt 0.88671875 0.70703125
vt 0.8671875 0.70703125
vt 0.81640625 0.7265625
vt 0.8671875 0.7265625
vt 0.8671875 0.70703125
vt 0.81640625 0.70703125
vt 0.81640625 0.7265625
vt 0.796875 0.7265625
vt 0.796875 0.77734375
vt 0.81640625 0.77734375
vt 0.8359375 0.77734375
vt 0.81640625 0.77734375
vt 0.81640625 0.7265625
vt 0.8359375 0.7265625
vn 0 -0.34202014332566866 -0.9396926207859084
vn 1 0 0
vn 0 0.34202014332566866 0.9396926207859084
vn -1 0 0
vn 0 0.9396926207859084 -0.34202014332566866
vn 0 -0.9396926207859084 0.34202014332566866
usemtl m_5950dc03-0c9e-a2aa-124e-491dd435397d
f 84/244/61 87/243/61 85/242/61 82/241/61
f 83/248/62 84/247/62 82/246/62 81/245/62
f 88/252/63 83/251/63 81/250/63 86/249/63
f 87/256/64 88/255/64 86/254/64 85/253/64
f 86/260/65 81/259/65 82/258/65 85/257/65
f 87/264/66 84/263/66 83/262/66 88/261/66
o cube
v -0.8359374999999994 3.5457477847301515 -2.6613231101697434
v -0.8359374999999994 3.396113972025171 -3.0724386317635783
v -0.8359374999999994 3.1933630519354357 -2.533065556422618
v -0.8359374999999994 3.043729239230456 -2.9441810780164523
v -1.2734375000000009 3.396113972025171 -3.0724386317635783
v -1.2734375000000009 3.5457477847301515 -2.6613231101697434
v -1.2734375000000009 3.043729239230456 -2.9441810780164523
v -1.2734375000000009 3.1933630519354357 -2.533065556422618
vt 0.02734375 0.69140625
vt 0.0546875 0.69140625
vt 0.0546875 0.66796875
vt 0.02734375 0.66796875
vt 0 0.69140625
vt 0.02734375 0.69140625
vt 0.02734375 0.66796875
vt 0 0.66796875
vt 0.08203125 0.69140625
vt 0.109375 0.69140625
vt 0.109375 0.66796875
vt 0.08203125 0.66796875
vt 0.0546875 0.69140625
vt 0.08203125 0.69140625
vt 0.08203125 0.66796875
vt 0.0546875 0.66796875
vt 0.0546875 0.69140625
vt 0.02734375 0.69140625
vt 0.02734375 0.71875
vt 0.0546875 0.71875
vt 0.08203125 0.71875
vt 0.0546875 0.71875
vt 0.0546875 0.69140625
vt 0.08203125 0.69140625
vn 0 -0.34202014332566866 -0.9396926207859084
vn 1 0 0
vn 0 0.34202014332566866 0.9396926207859084
vn -1 0 0
vn 0 0.9396926207859084 -0.34202014332566866
vn 0 -0.9396926207859084 0.34202014332566866
usemtl m_5950dc03-0c9e-a2aa-124e-491dd435397d
f 92/268/67 95/267/67 93/266/67 90/265/67
f 91/272/68 92/271/68 90/270/68 89/269/68
f 96/276/69 91/275/69 89/274/69 94/273/69
f 95/280/70 96/279/70 94/278/70 93/277/70
f 94/284/71 89/283/71 90/282/71 93/281/71
f 95/288/72 92/287/72 91/286/72 96/285/72
o cube
v -0.6484374999999991 3.1359374999999994 -2.682812499999999
v -0.6484374999999991 3.1359374999999994 -2.995312499999999
v -0.6484374999999991 2.7609374999999994 -2.682812499999999
v -0.6484374999999991 2.7609374999999994 -2.995312499999999
v -1.4609375000000004 3.1359374999999994 -2.995312499999999
v -1.4609375000000004 3.1359374999999994 -2.682812499999999
v -1.4609375000000004 2.7609374999999994 -2.995312499999999
v -1.4609375000000004 2.7609374999999994 -2.682812499999999
vt 0.7578125 0.6875
vt 0.80859375 0.6875
vt 0.80859375 0.6640625
vt 0.7578125 0.6640625
vt 0.73828125 0.6875
vt 0.7578125 0.6875
vt 0.7578125 0.6640625
vt 0.73828125 0.6640625
vt 0.828125 0.6875
vt 0.87890625 0.6875
vt 0.87890625 0.6640625
vt 0.828125 0.6640625
vt 0.80859375 0.6875
vt 0.828125 0.6875
vt 0.828125 0.6640625
vt 0.80859375 0.6640625
vt 0.80859375 0.6875
vt 0.7578125 0.6875
vt 0.7578125 0.70703125
vt 0.80859375 0.70703125
vt 0.859375 0.70703125
vt 0.80859375 0.70703125
vt 0.80859375 0.6875
vt 0.859375 0.6875
vn 0 0 -1
vn 1 0 0
vn 0 0 1
vn -1 0 0
vn 0 1 0
vn 0 -1 0
usemtl m_5950dc03-0c9e-a2aa-124e-491dd435397d
f 100/292/73 103/291/73 101/290/73 98/289/73
f 99/296/74 100/295/74 98/294/74 97/293/74
f 104/300/75 99/299/75 97/298/75 102/297/75
f 103/304/76 104/303/76 102/302/76 101/301/76
f 102/308/77 97/307/77 98/306/77 101/305/77
f 103/312/78 100/311/78 99/310/78 104/309/78
o cube
v -0.9296874999999992 3.1237284403174694 -3.272598404486052
v -0.9296874999999992 3.0382234044860525 -3.5075215596825293
v -0.9296874999999992 3.0062668627192313 -3.229845886570344
v -0.9296874999999992 2.920761826887814 -3.4647690417668207
v -1.1796875 3.0382234044860525 -3.5075215596825293
v -1.1796875 3.1237284403174694 -3.272598404486052
v -1.1796875 2.920761826887814 -3.4647690417668207
v -1.1796875 3.0062668627192313 -3.229845886570344
vt 0.40234375 0.984375
vt 0.41796875 0.984375
vt 0.41796875 0.9765625
vt 0.40234375 0.9765625
vt 0.38671875 0.984375
vt 0.40234375 0.984375
vt 0.40234375 0.9765625
vt 0.38671875 0.9765625
vt 0.43359375 0.984375
vt 0.44921875 0.984375
vt 0.44921875 0.9765625
vt 0.43359375 0.9765625
vt 0.41796875 0.984375
vt 0.43359375 0.984375
vt 0.43359375 0.9765625
vt 0.41796875 0.9765625
vt 0.41796875 0.984375
vt 0.40234375 0.984375
vt 0.40234375 1
vt 0.41796875 1
vt 0.43359375 1
vt 0.41796875 1
vt 0.41796875 0.984375
vt 0.43359375 0.984375
vn 0 -0.34202014332566866 -0.9396926207859084
vn 1 0 0
vn 0 0.34202014332566866 0.9396926207859084
vn -1 0 0
vn 0 0.9396926207859084 -0.34202014332566866
vn 0 -0.9396926207859084 0.34202014332566866
usemtl m_5950dc03-0c9e-a2aa-124e-491dd435397d
f 108/316/79 111/315/79 109/314/79 106/313/79
f 107/320/80 108/319/80 106/318/80 105/317/80
f 112/324/81 107/323/81 105/322/81 110/321/81
f 111/328/82 112/327/82 110/326/82 109/325/82
f 110/332/83 105/331/83 106/330/83 109/329/83
f 111/336/84 108/335/84 107/334/84 112/333/84
o cube
v -0.4688025569747163 2.8804101915026066 -1.2284323421699068
v -0.7114454117583286 3.298549170355932 -2.0316698471371204
v -0.5185184313202229 2.3774085974446466 -1.4752601732854695
v -0.7611612861038353 2.7955475762979716 -2.278497678252683
v -1.4328506848760403 3.2701653769829484 -1.8285226291110768
v -1.190207830092428 2.852026398129623 -1.0252851241438632
v -1.482566559221547 2.767163782924988 -2.0753504602266393
v -1.2399237044379345 2.3490248040716626 -1.2721129552594257
vt 0.05859375 0.29296875
vt 0.10546875 0.29296875
vt 0.10546875 0.2578125
vt 0.05859375 0.2578125
vt 0 0.29296875
vt 0.05859375 0.29296875
vt 0.05859375 0.2578125
vt 0 0.2578125
vt 0.1640625 0.29296875
vt 0.2109375 0.29296875
vt 0.2109375 0.2578125
vt 0.1640625 0.2578125
vt 0.10546875 0.29296875
vt 0.1640625 0.29296875
vt 0.1640625 0.2578125
vt 0.10546875 0.2578125
vt 0.10546875 0.29296875
vt 0.05859375 0.29296875
vt 0.05859375 0.3515625
vt 0.10546875 0.3515625
vt 0.15234375 0.3515625
vt 0.10546875 0.3515625
vt 0.10546875 0.29296875
vt 0.15234375 0.29296875
vn -0.25881904510252024 0.4460149107768811 -0.8567866719650291
vn 0.9618736974902811 0.037845057830644985 -0.27086295736805793
vn 0.25881904510252024 -0.4460149107768811 0.8567866719650291
vn -0.9618736974902811 -0.037845057830644985 0.27086295736805793
vn 0.08838377661423409 0.8942250561030407 0.43880503309433366
vn -0.08838377661423409 -0.8942250561030407 -0.43880503309433366
usemtl m_5950dc03-0c9e-a2aa-124e-491dd435397d
f 116/340/85 119/339/85 117/338/85 114/337/85
f 115/344/86 116/343/86 114/342/86 113/341/86
f 120/348/87 115/347/87 113/346/87 118/345/87
f 119/352/88 120/351/88 118/350/88 117/349/88
f 118/356/89 113/355/89 114/354/89 117/353/89
f 119/360/90 116/359/90 115/358/90 120/357/90
o cube
v -0.511951937156428 3.241255203350386 -1.100500686921842
v -0.7545947919400404 3.6593941822037124 -1.9037381918890561
v -0.5892877416938829 2.458808279260226 -1.484455090879384
v -0.8319305964774953 2.8769472581135513 -2.287692595846598
v -1.3557658528714673 3.635741021059559 -1.7344488435340195
v -1.113122998087855 3.217602042206233 -0.9312113385668056
v -1.4331016574089221 2.8532940969693983 -2.1184032474915613
v -1.1904588026253098 2.435155118116073 -1.3151657425243475
vt 0.4609375 0.30078125
vt 0.5 0.30078125
vt 0.5 0.24609375
vt 0.4609375 0.24609375
vt 0.40234375 0.30078125
vt 0.4609375 0.30078125
vt 0.4609375 0.24609375
vt 0.40234375 0.24609375
vt 0.55859375 0.30078125
vt 0.59765625 0.30078125
vt 0.59765625 0.24609375
vt 0.55859375 0.24609375
vt 0.5 0.30078125
vt 0.55859375 0.30078125
vt 0.55859375 0.24609375
vt 0.5 0.24609375
vt 0.5 0.30078125
vt 0.4609375 0.30078125
vt 0.4609375 0.359375
vt 0.5 0.359375
vt 0.5390625 0.359375
vt 0.5 0.359375
vt 0.5 0.30078125
vt 0.5390625 0.30078125
vn -0.25881904510252024 0.4460149107768811 -0.8567866719650291
vn 0.9618736974902811 0.037845057830644985 -0.27086295736805793
vn 0.25881904510252024 -0.4460149107768811 0.8567866719650291
vn -0.9618736974902811 -0.037845057830644985 0.27086295736805793
vn 0.08838377661423409 0.8942250561030407 0.43880503309433366
vn -0.08838377661423409 -0.8942250561030407 -0.43880503309433366
usemtl m_5950dc03-0c9e-a2aa-124e-491dd435397d
f 124/364/91 127/363/91 125/362/91 122/361/91
f 123/368/92 124/367/92 122/366/92 121/365/92
f 128/372/93 123/371/93 121/370/93 126/369/93
f 127/376/94 128/375/94 126/374/94 125/373/94
f 126/380/95 121/379/95 122/378/95 125/377/95
f 127/384/96 124/383/96 123/382/96 128/381/96
o cube
v -0.13103584098841692 2.5484855224113026 -0.7475217837743737
v -0.5124857304193267 3.170037687427497 -1.5202281562191886
v -0.23002420397172557 1.9460929536217786 -1.1832103159404637
v -0.6114740934026355 2.5676451186379725 -1.9559166883852785
v -1.3786924681341857 3.0645030950204526 -1.1775116737692461
v -0.9972425787032758 2.4429509300042582 -0.40480530132443127
v -1.4776808311174943 2.462110526230928 -1.613200205935336
v -1.0962309416865845 1.8405583612147343 -0.8404938334905212
vt 0.61328125 0.7734375
vt 0.671875 0.7734375
vt 0.671875 0.7265625
vt 0.61328125 0.7265625
vt 0.546875 0.7734375
vt 0.61328125 0.7734375
vt 0.61328125 0.7265625
vt 0.546875 0.7265625
vt 0.73828125 0.7734375
vt 0.796875 0.7734375
vt 0.796875 0.7265625
vt 0.73828125 0.7265625
vt 0.671875 0.7734375
vt 0.73828125 0.7734375
vt 0.73828125 0.7265625
vt 0.671875 0.7265625
vt 0.671875 0.7734375
vt 0.61328125 0.7734375
vt 0.61328125 0.83984375
vt 0.671875 0.83984375
vt 0.73046875 0.83984375
vt 0.671875 0.83984375
vt 0.671875 0.7734375
vt 0.73046875 0.7734375
vn -0.35901166064085693 0.5849902729564189 -0.7272530564186506
vn 0.9239538535625158 0.11257023190084718 -0.3655642479466051
vn 0.35901166064085693 -0.5849902729564189 0.7272530564186506
vn -0.9239538535625158 -0.11257023190084718 0.3655642479466051
vn 0.1319844839777451 0.8031900917193663 0.5809180428881204
vn -0.1319844839777451 -0.8031900917193663 -0.5809180428881204
usemtl m_5950dc03-0c9e-a2aa-124e-491dd435397d
f 132/388/97 135/387/97 133/386/97 130/385/97
f 131/392/98 132/391/98 130/390/98 129/389/98
f 136/396/99 131/395/99 129/394/99 134/393/99
f 135/400/100 136/399/100 134/398/100 133/397/100
f 134/404/101 129/403/101 130/402/101 133/401/101
f 135/408/102 132/407/102 131/406/102 136/405/102
o cube
v -0.16172700413447327 2.879208059372038 -0.5522830682208314
v -0.4983004359852763 3.4276364402686808 -1.2340828086133155
v -0.3019605183608273 2.025818586920212 -1.1695084887894591
v -0.6385339502116303 2.5742469678168542 -1.8513082291819432
v -1.2490129420048206 3.3361731268492423 -0.9370618571566989
v -0.9124395101540176 2.7877447459526 -0.25526211676421473
v -1.3892464562311746 2.482783654397416 -1.5542872777253263
v -1.0526730243803717 1.934355273500774 -0.8724875373328422
vt 0.2421875 0.359375
vt 0.29296875 0.359375
vt 0.29296875 0.29296875
vt 0.2421875 0.29296875
vt 0.18359375 0.359375
vt 0.2421875 0.359375
vt 0.2421875 0.29296875
vt 0.18359375 0.29296875
vt 0.3515625 0.359375
vt 0.40234375 0.359375
vt 0.40234375 0.29296875
vt 0.3515625 0.29296875
vt 0.29296875 0.359375
vt 0.3515625 0.359375
vt 0.3515625 0.29296875
vt 0.29296875 0.29296875
vt 0.29296875 0.359375
vt 0.2421875 0.359375
vt 0.2421875 0.41796875
vt 0.29296875 0.41796875
vt 0.34375 0.41796875
vt 0.29296875 0.41796875
vt 0.29296875 0.359375
vt 0.34375 0.359375
vn -0.35901166064085693 0.5849902729564189 -0.7272530564186506
vn 0.9239538535625158 0.11257023190084718 -0.3655642479466051
vn 0.35901166064085693 -0.5849902729564189 0.7272530564186506
vn -0.9239538535625158 -0.11257023190084718 0.3655642479466051
vn 0.1319844839777451 0.8031900917193663 0.5809180428881204
vn -0.1319844839777451 -0.8031900917193663 -0.5809180428881204
usemtl m_5950dc03-0c9e-a2aa-124e-491dd435397d
f 140/412/103 143/411/103 141/410/103 138/409/103
f 139/416/104 140/415/104 138/414/104 137/413/104
f 144/420/105 139/419/105 137/418/105 142/417/105
f 143/424/106 144/423/106 142/422/106 141/421/106
f 142/428/107 137/427/107 138/426/107 141/425/107
f 143/432/108 140/431/108 139/430/108 144/429/108
o cube
v 0.16287032717500916 2.2964407048621647 -0.3582261697882345
v -0.1896914931826048 2.8029919259104963 -0.978493066600058
v 0.04738390369448253 1.5936493746077196 -0.8665294573153395
v -0.3051779166631315 2.100200595656051 -1.486796354127163
v -1.1519606706690997 2.6537028845979562 -0.5534553480344597
v -0.7993988503114858 2.147151663549625 0.06681154877736373
v -1.2674470941496265 1.9509115543435116 -1.0617586355615647
v -0.9148852737920126 1.44436033329518 -0.44149173874974124
vt 0.59765625 0.359375
vt 0.6640625 0.359375
vt 0.6640625 0.3046875
vt 0.59765625 0.3046875
vt 0.54296875 0.359375
vt 0.59765625 0.359375
vt 0.59765625 0.3046875
vt 0.54296875 0.3046875
vt 0.71875 0.359375
vt 0.78515625 0.359375
vt 0.78515625 0.3046875
vt 0.71875 0.3046875
vt 0.6640625 0.359375
vt 0.71875 0.359375
vt 0.71875 0.3046875
vt 0.6640625 0.3046875
vt 0.6640625 0.359375
vt 0.59765625 0.359375
vt 0.59765625 0.4140625
vt 0.6640625 0.4140625
vt 0.73046875 0.4140625
vt 0.6640625 0.4140625
vt 0.6640625 0.359375
vt 0.73046875 0.359375
vn -0.4029277946944162 0.5789156811980934 -0.7088764534992271
vn 0.905665108222583 0.14050733300003726 -0.4000354998264452
vn 0.4029277946944162 -0.5789156811980934 0.7088764534992271
vn -0.905665108222583 -0.14050733300003726 0.4000354998264452
vn 0.131984483977745 0.8031900917193664 0.5809180428881207
vn -0.131984483977745 -0.8031900917193664 -0.5809180428881207
usemtl m_5950dc03-0c9e-a2aa-124e-491dd435397d
f 148/436/109 151/435/109 149/434/109 146/433/109
f 147/440/110 148/439/110 146/438/110 145/437/110
f 152/444/111 147/443/111 145/442/111 150/441/111
f 151/448/112 152/447/112 150/446/112 149/445/112
f 150/452/113 145/451/113 146/450/113 149/449/113
f 151/456/114 148/455/114 147/454/114 152/453/114
o cube
v 0.13057745223435102 2.6250375110193054 -0.1596844633097383
v -0.17161839378646082 3.0592242719178753 -0.6913418034341583
v -0.026154122489221 1.6712492771025587 -0.8495246392393809
v -0.32834996851003284 2.1054360380011286 -1.381181979363801
v -1.020679432745133 2.9274986472303404 -0.3163085223468656
v -0.7184835867243211 2.4933118863317705 0.21534881777755444
v -1.177411007468705 1.9737104133135936 -1.0061486982765082
v -0.8752151614478931 1.5395236524150233 -0.4744913581520882
vt 0.6640625 0.51953125
vt 0.72265625 0.51953125
vt 0.72265625 0.4453125
vt 0.6640625 0.4453125
vt 0.6171875 0.51953125
vt 0.6640625 0.51953125
vt 0.6640625 0.4453125
vt 0.6171875 0.4453125
vt 0.76953125 0.51953125
vt 0.828125 0.51953125
vt 0.828125 0.4453125
vt 0.76953125 0.4453125
vt 0.72265625 0.51953125
vt 0.76953125 0.51953125
vt 0.76953125 0.4453125
vt 0.72265625 0.4453125
vt 0.72265625 0.51953125
vt 0.6640625 0.51953125
vt 0.6640625 0.56640625
vt 0.72265625 0.56640625
vt 0.78125 0.56640625
vt 0.72265625 0.56640625
vt 0.72265625 0.51953125
vt 0.78125 0.51953125
vn -0.4029277946944162 0.5789156811980934 -0.7088764534992271
vn 0.905665108222583 0.14050733300003726 -0.4000354998264452
vn 0.4029277946944162 -0.5789156811980934 0.7088764534992271
vn -0.905665108222583 -0.14050733300003726 0.4000354998264452
vn 0.131984483977745 0.8031900917193664 0.5809180428881207
vn -0.131984483977745 -0.8031900917193664 -0.5809180428881207
usemtl m_5950dc03-0c9e-a2aa-124e-491dd435397d
f 156/460/115 159/459/115 157/458/115 154/457/115
f 155/464/116 156/463/116 154/462/116 153/461/116
f 160/468/117 155/467/117 153/466/117 158/465/117
f 159/472/118 160/471/118 158/470/118 157/469/118
f 158/476/119 153/475/119 154/474/119 157/473/119
f 159/480/120 156/479/120 155/478/120 160/477/120
o cube
v -0.24454552521257905 2.8982156791157756 -1.0976886997998543
v -0.37917489795290005 3.1175870314744323 -1.3704085959568475
v -0.3600319486931059 2.1954243488613305 -1.6059919873269592
v -0.4946613214334269 2.414795701219987 -1.8787118834839525
v -1.3608758673630732 2.9979811600797817 -0.9819965825135795
v -1.2262464946227523 2.7786098077211254 -0.7092766863565863
v -1.4763622908436003 2.295189829825337 -1.4902998700406844
v -1.341732918103279 2.0758184774666804 -1.2175799738836912
vt 0.0234375 0.2265625
vt 0.08984375 0.2265625
vt 0.08984375 0.171875
vt 0.0234375 0.171875
vt 0 0.2265625
vt 0.0234375 0.2265625
vt 0.0234375 0.171875
vt 0 0.171875
vt 0.11328125 0.2265625
vt 0.1796875 0.2265625
vt 0.1796875 0.171875
vt 0.11328125 0.171875
vt 0.08984375 0.2265625
vt 0.11328125 0.2265625
vt 0.11328125 0.171875
vt 0.08984375 0.171875
vt 0.08984375 0.2265625
vt 0.0234375 0.2265625
vt 0.0234375 0.25
vt 0.08984375 0.25
vt 0.15625 0.25
vt 0.08984375 0.25
vt 0.08984375 0.2265625
vt 0.15625 0.2265625
vn -0.35901166064085693 0.5849902729564189 -0.7272530564186506
vn 0.9239538535625158 0.11257023190084718 -0.3655642479466051
vn 0.35901166064085693 -0.5849902729564189 0.7272530564186506
vn -0.9239538535625158 -0.11257023190084718 0.3655642479466051
vn 0.1319844839777451 0.8031900917193663 0.5809180428881204
vn -0.1319844839777451 -0.8031900917193663 -0.5809180428881204
usemtl m_5950dc03-0c9e-a2aa-124e-491dd435397d
f 164/484/121 167/483/121 165/482/121 162/481/121
f 163/488/122 164/487/122 162/486/122 161/485/122
f 168/492/123 163/491/123 161/490/123 166/489/123
f 167/496/124 168/495/124 166/494/124 165/493/124
f 166/500/125 161/499/125 162/498/125 165/497/125
f 167/504/126 164/503/126 163/502/126 168/501/126
o cube
v -0.2527984595685819 3.1923763240167347 -0.8569966682201463
v -0.3874278323089029 3.4117476763753913 -1.1297165643771394
v -0.3022926410602363 2.8911800396219727 -1.0748409343031915
v -0.4369220138005573 3.1105513919806294 -1.3475608304601847
v -1.2536345700237617 3.3062130839683475 -0.7870000819271972
v -1.1190051972834407 3.0868417316096908 -0.5142801857702038
v -1.3031287515154162 3.005016799573585 -1.0048443480102422
v -1.168499378775095 2.7856454472149283 -0.732124451853249
vt 0.3359375 0.6640625
vt 0.39453125 0.6640625
vt 0.39453125 0.640625
vt 0.3359375 0.640625
vt 0.3125 0.6640625
vt 0.3359375 0.6640625
vt 0.3359375 0.640625
vt 0.3125 0.640625
vt 0.41796875 0.6640625
vt 0.4765625 0.6640625
vt 0.4765625 0.640625
vt 0.41796875 0.640625
vt 0.39453125 0.6640625
vt 0.41796875 0.6640625
vt 0.41796875 0.640625
vt 0.39453125 0.640625
vt 0.39453125 0.6640625
vt 0.3359375 0.6640625
vt 0.3359375 0.6875
vt 0.39453125 0.6875
vt 0.453125 0.6875
vt 0.39453125 0.6875
vt 0.39453125 0.6640625
vt 0.453125 0.6640625
vn -0.35901166064085693 0.5849902729564189 -0.7272530564186506
vn 0.9239538535625158 0.11257023190084718 -0.3655642479466051
vn 0.35901166064085693 -0.5849902729564189 0.7272530564186506
vn -0.9239538535625158 -0.11257023190084718 0.3655642479466051
vn 0.1319844839777451 0.8031900917193663 0.5809180428881204
vn -0.1319844839777451 -0.8031900917193663 -0.5809180428881204
usemtl m_5950dc03-0c9e-a2aa-124e-491dd435397d
f 172/508/127 175/507/127 173/506/127 170/505/127
f 171/512/128 172/511/128 170/510/128 169/509/128
f 176/516/129 171/515/129 169/514/129 174/513/129
f 175/520/130 176/519/130 174/518/130 173/517/130
f 174/524/131 169/523/131 170/522/131 173/521/131
f 175/528/132 172/527/132 171/526/132 176/525/132
o cube
v 0.00986758454258918 3.5882371013273797 -0.926058555379419
v 0.00986758454258918 3.5882371013273797 -0.926058555379419
v -0.23760332291568276 2.0822556793535685 -2.0152798857946443
v -0.23760332291568276 2.0822556793535685 -2.0152798857946443
v -1.4915574274964989 3.4053104744885028 -0.3320166524661856
v -1.4915574274964989 3.4053104744885028 -0.3320166524661856
v -1.739028334954771 1.899329052514692 -1.421237982881411
v -1.739028334954771 1.899329052514692 -1.421237982881411
vt 0 0.1171875
vt 0.1015625 0.1171875
vt 0.1015625 0
vt 0 0
vt 0 0.1171875
vt 0 0.1171875
vt 0 0
vt 0 0
vt 0.1015625 0.1171875
vt 0.203125 0.1171875
vt 0.203125 0
vt 0.1015625 0
vt 0.1015625 0.1171875
vt 0.1015625 0.1171875
vt 0.1015625 0
vt 0.1015625 0
vt 0.1015625 0.1171875
vt 0 0.1171875
vt 0 0.1171875
vt 0.1015625 0.1171875
vt 0.203125 0.1171875
vt 0.1015625 0.1171875
vt 0.1015625 0.1171875
vt 0.203125 0.1171875
vn -0.35901166064085693 0.5849902729564189 -0.7272530564186506
vn 0.9239538535625158 0.11257023190084718 -0.3655642479466051
vn 0.35901166064085693 -0.5849902729564189 0.7272530564186506
vn -0.9239538535625158 -0.11257023190084718 0.3655642479466051
vn 0.1319844839777451 0.8031900917193663 0.5809180428881204
vn -0.1319844839777451 -0.8031900917193663 -0.5809180428881204
usemtl m_5950dc03-0c9e-a2aa-124e-491dd435397d
f 180/532/133 183/531/133 181/530/133 178/529/133
f 179/536/134 180/535/134 178/534/134 177/533/134
f 184/540/135 179/539/135 177/538/135 182/537/135
f 183/544/136 184/543/136 182/542/136 181/541/136
f 182/548/137 177/547/137 178/546/137 181/545/137
f 183/552/138 180/551/138 179/550/138 184/549/138
o cube
v 1.4628024376868178 2.1527344326652136 -2.858518990158111
v 1.4723808698861534 1.7683844678275702 -3.428466012403078
v 1.4388075426827314 1.9983707686484729 -2.754825430835125
v 1.4483859748820669 1.614020803810829 -3.3247724530800924
v 0.9145609723057437 1.8237267102821595 -3.47516128050895
v 0.9049825401064084 2.208076675119803 -2.9052142582639826
v 0.8905660773016573 1.6693630462654183 -3.3714677211859643
v 0.880987645102322 2.053713011103062 -2.801520698940997
vt 0.70703125 0.58203125
vt 0.7421875 0.58203125
vt 0.7421875 0.5703125
vt 0.70703125 0.5703125
vt 0.6640625 0.58203125
vt 0.70703125 0.58203125
vt 0.70703125 0.5703125
vt 0.6640625 0.5703125
vt 0.78515625 0.58203125
vt 0.8203125 0.58203125
vt 0.8203125 0.5703125
vt 0.78515625 0.5703125
vt 0.7421875 0.58203125
vt 0.78515625 0.58203125
vt 0.78515625 0.5703125
vt 0.7421875 0.5703125
vt 0.7421875 0.58203125
vt 0.70703125 0.58203125
vt 0.70703125 0.625
vt 0.7421875 0.625
vt 0.77734375 0.625
vt 0.7421875 0.625
vt 0.7421875 0.58203125
vt 0.77734375 0.58203125
vn 0.013932265017215204 -0.5590544943093 -0.8290138505381338
vn 0.9916798179207275 -0.09838620880815872 0.0830138099659941
vn -0.013932265017215204 0.5590544943093 0.8290138505381338
vn -0.9916798179207275 0.09838620880815872 -0.0830138099659941
vn 0.12797277335512766 0.8232728747559526 -0.5530323163892564
vn -0.12797277335512766 -0.8232728747559526 0.5530323163892564
usemtl m_5950dc03-0c9e-a2aa-124e-491dd435397d
f 188/556/139 191/555/139 189/554/139 186/553/139
f 187/560/140 188/559/140 186/558/140 185/557/140
f 192/564/141 187/563/141 185/562/141 190/561/141
f 191/568/142 192/567/142 190/566/142 189/565/142
f 190/572/143 185/571/143 186/570/143 189/569/143
f 191/576/144 188/575/144 187/574/144 192/573/144
o cube
v 1.4168190457361634 2.2617926800602177 -2.9328363928296426
v 1.425526711371923 1.9123836211169056 -3.4509700494159765
v 1.4008224490667724 2.158883570715724 -2.8637073532809856
v 1.409530114702532 1.8094745117724114 -3.381841009867319
v 0.9916667910316042 1.9554275874704752 -3.4872885912760987
v 0.9829591253958447 2.3048366464137873 -2.969154934689765
v 0.9756701943622133 1.852518478125981 -3.4181595517274417
v 0.9669625287264538 2.2019275370692935 -2.900025895141108
vt 0.8203125 0.55859375
vt 0.84765625 0.55859375
vt 0.84765625 0.55078125
vt 0.8203125 0.55078125
vt 0.78125 0.55859375
vt 0.8203125 0.55859375
vt 0.8203125 0.55078125
vt 0.78125 0.55078125
vt 0.88671875 0.55859375
vt 0.9140625 0.55859375
vt 0.9140625 0.55078125
vt 0.88671875 0.55078125
vt 0.84765625 0.55859375
vt 0.88671875 0.55859375
vt 0.88671875 0.55078125
vt 0.84765625 0.55078125
vt 0.84765625 0.55859375
vt 0.8203125 0.55859375
vt 0.8203125 0.59765625
vt 0.84765625 0.59765625
vt 0.875 0.59765625
vt 0.84765625 0.59765625
vt 0.84765625 0.55859375
vt 0.875 0.55859375
vn 0.013932265017215204 -0.5590544943093 -0.8290138505381338
vn 0.9916798179207275 -0.09838620880815872 0.0830138099659941
vn -0.013932265017215204 0.5590544943093 0.8290138505381338
vn -0.9916798179207275 0.09838620880815872 -0.0830138099659941
vn 0.12797277335512766 0.8232728747559526 -0.5530323163892564
vn -0.12797277335512766 -0.8232728747559526 0.5530323163892564
usemtl m_5950dc03-0c9e-a2aa-124e-491dd435397d
f 196/580/145 199/579/145 197/578/145 194/577/145
